# Made in Blockbench 4.12.5
mtllib gandalf_sword.mtl

o cube
v 1.9863677882434814 1.4911578546268274 1.3959127004364262
v 1.934500531644316 1.5026214058115315 1.3967128954826655
v 1.92333568452462 1.4485615323871424 1.4474856861695369
v 1.9752029411237852 1.4370979812024385 1.4466854911232978
v 1.9745975307800703 1.4417552888394494 1.3407235028261257
v 1.963432683660374 1.38769541541506 1.3914962935129973
v 1.922730274180905 1.4532188400241532 1.3415236978723648
v 1.9115654270612086 1.3991589665997641 1.3922964885592364
vt 0.234375 0.7493333333333334
vt 0.24687499999999996 0.7493333333333334
vt 0.24687499999999996 0.7208333333333332
vt 0.234375 0.7208333333333332
vt 0.25066666666666665 0.859375
vt 0.28125 0.859375
vt 0.28125 0.828125
vt 0.25066666666666665 0.828125
vt 0.265625 0.8118333333333333
vt 0.27812499999999996 0.8118333333333333
vt 0.27812499999999996 0.7833333333333333
vt 0.265625 0.7833333333333333
vt 0.18816666666666668 0.7493333333333334
vt 0.21875 0.7493333333333334
vt 0.21875 0.71875
vt 0.18816666666666668 0.71875
vt 0.291 0.921875
vt 0.28125 0.921875
vt 0.28125 0.8927083333333333
vt 0.291 0.8927083333333333
vt 0.291 0.9395833333333333
vt 0.28125 0.9395833333333333
vt 0.28125 0.96875
vt 0.291 0.96875
vn 0.15693676617881958 0.6587008771650406 0.7358559681373391
vn 0.9763248301019335 -0.2157844928885445 -0.01506249498802969
vn -0.15693676617881386 -0.6587008771650416 -0.7358559681373394
vn -0.9763248301019333 0.21578449288854565 0.015062494988027685
vn -0.148864628262617 -0.720798312325185 0.6769705424916197
vn 0.14886462826261507 0.7207983123251889 -0.6769705424916163
usemtl m_0c1a441c-251d-60f0-8527-c26d9fbb22bb
f 1/1/1 2/2/1 3/3/1 4/4/1
f 5/5/2 1/6/2 4/7/2 6/8/2
f 7/9/3 5/10/3 6/11/3 8/12/3
f 2/13/4 7/14/4 8/15/4 3/16/4
f 8/17/5 6/18/5 4/19/5 3/20/5
f 2/21/6 1/22/6 5/23/6 7/24/6
o cube
v 1.9718530066724478 1.4307223469814332 1.424620010796414
v 1.9230367651673512 1.4415115716258604 1.4253731355458155
v 1.8581664932555997 1.1488756021668944 1.4128816504096715
v 1.9069827347606962 1.138086377522467 1.41212852566027
v 1.9714962652062467 1.433466691824935 1.3621813104022975
v 1.9066259932944951 1.140830722365969 1.3496898252661536
v 1.92268002370115 1.4442559164693625 1.362934435151699
v 1.8578097517893983 1.1516199470103963 1.350442950015555
vt 0.25066666666666665 0.8756666666666667
vt 0.265625 0.8756666666666667
vt 0.265625 0.96875
vt 0.25066666666666665 0.96875
vt 0.203125 0.90625
vt 0.2265625 0.90625
vt 0.2265625 0.9993333333333333
vt 0.203125 0.9993333333333333
vt 0.15625 0.65625
vt 0.171875 0.65625
vt 0.171875 0.7493333333333334
vt 0.15625 0.7493333333333334
vt 0.203125 0.796875
vt 0.2265625 0.796875
vt 0.2265625 0.890625
vt 0.203125 0.890625
vt 0.24933333333333332 0.65625
vt 0.234375 0.65625
vt 0.234375 0.6328125
vt 0.24933333333333332 0.6328125
vt 0.34375 0.6328125
vt 0.328125 0.6328125
vt 0.328125 0.65625
vt 0.34375 0.65625
vn 0.005707863459217481 -0.04390951749603152 0.9990192063058632
vn 0.9763248301019335 -0.21578449288854523 -0.015062494988029695
vn -0.0057078634592172914 0.04390951749603146 -0.9990192063058632
vn -0.9763248301019333 0.21578449288854595 0.015062494988030492
vn -0.2162342397058372 -0.9754532315298873 -0.04163828378714777
vn 0.21623423970583805 0.9754532315298872 0.041638283787144285
usemtl m_0c1a441c-251d-60f0-8527-c26d9fbb22bb
f 9/25/7 10/26/7 11/27/7 12/28/7
f 13/29/8 9/30/8 12/31/8 14/32/8
f 15/33/9 13/34/9 14/35/9 16/36/9
f 10/37/10 15/38/10 16/39/10 11/40/10
f 16/41/11 14/42/11 12/43/11 11/44/11
f 10/45/12 9/46/12 13/47/12 15/48/12
o cube
v 1.911902488978918 1.1395293336561745 1.5028778102085711
v 1.8569842172856843 1.1516672113811552 1.5037250755516478
v 1.8492132992962558 1.11661186087305 1.5022286997280472
v 1.9041315709894895 1.1044739831480692 1.5013814343849705
v 1.9105201157973888 1.1501636699247448 1.2609278461813695
v 1.9027491978079603 1.1151083194166396 1.2594314703577691
v 1.855601844104155 1.1623015476497254 1.2617751115244464
v 1.8478309261147265 1.12724619714162 1.2602787357008458
vt 0.34375 0.859375
vt 0.3671875 0.859375
vt 0.3671875 0.8743333333333333
vt 0.34375 0.8743333333333333
vt 0.15625 0.7715
vt 0.24933333333333332 0.7715
vt 0.24933333333333332 0.78125
vt 0.15625 0.78125
vt 0.18816666666666668 0.640625
vt 0.2109375 0.640625
vt 0.2109375 0.65625
vt 0.18816666666666668 0.65625
vt 0.25 0.984375
vt 0.34375 0.984375
vt 0.34375 1
vt 0.25 1
vt 0.17500000000000004 0.9993333333333333
vt 0.15625 0.9993333333333333
vt 0.15625 0.9052083333333333
vt 0.17500000000000004 0.9052083333333333
vt 0.171875 0.796875
vt 0.1640625 0.796875
vt 0.1640625 0.890625
vt 0.171875 0.890625
vn 0.00570786345921707 -0.043909517496032835 0.999019206305863
vn 0.9763248301019335 -0.21578449288854443 -0.01506249498802975
vn -0.005707863459222425 0.0439095174960277 -0.9990192063058633
vn -0.9763248301019336 0.21578449288854445 0.015062494988029569
vn -0.2162342397058364 -0.9754532315298875 -0.04163828378714744
vn 0.21623423970584016 0.9754532315298866 0.041638283787147345
usemtl m_0c1a441c-251d-60f0-8527-c26d9fbb22bb
f 17/49/13 18/50/13 19/51/13 20/52/13
f 21/53/14 17/54/14 20/55/14 22/56/14
f 23/57/15 21/58/15 22/59/15 24/60/15
f 18/61/16 23/62/16 24/63/16 19/64/16
f 24/65/17 22/66/17 20/67/17 19/68/17
f 18/69/18 17/70/18 21/71/18 23/72/18
o cube
v 1.9120055489127783 1.1496232936699449 1.2612179740868135
v 1.8540362621254762 1.1624354979352023 1.2621123097267277
v 1.8463178994882763 1.1265759385445253 1.2755435339731314
v 1.9042871862755784 1.113763734279268 1.274649198333217
v 1.9067792047061325 1.1298678841734686 1.2054703306670222
v 1.8990608420689326 1.0940083247827914 1.2189015549134259
v 1.8488099179188302 1.142680088438726 1.2063646663069365
v 1.8410915552816303 1.1068205290480488 1.2197958905533401
vt 0.328125 0.6868333333333334
vt 0.359375 0.6868333333333334
vt 0.359375 0.671875
vt 0.328125 0.671875
vt 0.03125 0.640625
vt 0.03125 0.6256666666666666
vt 0.046875 0.6256666666666666
vt 0.046875 0.640625
vt 0.3515625 0.71875
vt 0.328125 0.71875
vt 0.328125 0.703125
vt 0.3515625 0.703125
vt 0.078125 0.6256666666666666
vt 0.078125 0.640625
vt 0.06316666666666666 0.640625
vt 0.06316666666666666 0.6256666666666666
vt 0.3515625 0.75
vt 0.3359375 0.75
vt 0.3359375 0.734375
vt 0.3515625 0.734375
vt 0.296875 0.65625
vt 0.296875 0.65625
vt 0.296875 0.671875
vt 0.296875 0.671875
vn 0.0880226392698264 0.3327226862564455 0.9389076786491147
vn 0.9763248301019336 -0.21578449288854487 -0.015062494988028778
vn -0.08802263926982569 -0.33272268625644386 -0.9389076786491152
vn -0.9763248301019334 0.21578449288854487 0.015062494988032601
vn -0.19759008351231966 -0.9180047204013322 0.34383934070793354
vn 0.19759008351232069 0.9180047204013332 -0.3438393407079303
usemtl m_0c1a441c-251d-60f0-8527-c26d9fbb22bb
f 25/73/19 26/74/19 27/75/19 28/76/19
f 29/77/20 25/78/20 28/79/20 30/80/20
f 31/81/21 29/82/21 30/83/21 32/84/21
f 26/85/22 31/86/22 32/87/22 27/88/22
f 32/89/23 30/90/23 28/91/23 27/92/23
f 26/93/24 25/94/24 29/95/24 31/96/24
o cube
v 1.9087818854866674 1.114461638491494 1.5559896761540184
v 1.850812598699365 1.1272738427567515 1.5568840117939327
v 1.8429235872512242 1.0927270524964554 1.5404474158162915
v 1.9008928740385265 1.079914848231198 1.5395530801763773
v 1.913382016029173 1.139034391646993 1.5021342286454251
v 1.905493004581032 1.1044876013866969 1.485697632667784
v 1.8554127292418707 1.1518465959122504 1.5030285642853394
v 1.8475237177937298 1.1172998056519543 1.4865919683076982
vt 0.328125 0.71875
vt 0.3515625 0.71875
vt 0.3515625 0.703125
vt 0.328125 0.703125
vt 0.03125 0.6256666666666666
vt 0.03125 0.640625
vt 0.046875 0.640625
vt 0.046875 0.6256666666666666
vt 0.359375 0.6868333333333334
vt 0.328125 0.6868333333333334
vt 0.328125 0.671875
vt 0.359375 0.671875
vt 0.078125 0.640625
vt 0.078125 0.6256666666666666
vt 0.06316666666666666 0.6256666666666666
vt 0.06316666666666666 0.640625
vt 0.3515625 0.734375
vt 0.3359375 0.734375
vt 0.3359375 0.75
vt 0.3515625 0.75
vt 0.296875 0.671875
vt 0.296875 0.671875
vt 0.296875 0.65625
vt 0.296875 0.65625
vn -0.07747588282114548 -0.41385689525050284 0.9070391159342021
vn 0.9763248301019335 -0.21578449288854537 -0.015062494988028245
vn 0.07747588282114547 0.41385689525050273 -0.9070391159342021
vn -0.9763248301019335 0.21578449288854537 0.015062494988028259
vn -0.20195869307240868 -0.8843978306635788 -0.42077685702761797
vn 0.20195869307240868 0.8843978306635788 0.42077685702761797
usemtl m_0c1a441c-251d-60f0-8527-c26d9fbb22bb
f 33/97/25 34/98/25 35/99/25 36/100/25
f 37/101/26 33/102/26 36/103/26 38/104/26
f 39/105/27 37/106/27 38/107/27 40/108/27
f 34/109/28 39/110/28 40/111/28 35/112/28
f 40/113/29 38/114/29 36/115/29 35/116/29
f 34/117/30 33/118/30 37/119/30 39/120/30
o cube
v 1.9002568432008498 1.1134139898247262 1.329623185892037
v 1.851440601695753 1.1242032144691534 1.3303763106414386
v 1.8519935509683647 1.1199494799617253 1.427156296252319
v 1.9008097924734615 1.1091602553172981 1.4264031715029175
v 1.6705079635133964 0.07699493132422197 1.285382509368194
v 1.671060912786008 0.07274119681679392 1.3821624949790747
v 1.6216917220082996 0.08778415596864919 1.2861356341175956
v 1.6222446712809113 0.08353042146122114 1.3829156197284762
vt 0.6953125 0.89815625
vt 0.7078124999999998 0.89815625
vt 0.7078124999999998 0.921875
vt 0.6953125 0.921875
vt 0.4296875 0.8984375
vt 0.6953125 0.8984375
vt 0.6953125 0.9296875
vt 0.4296875 0.9296875
vt 0.6953125 0.9296875
vt 0.4296875 0.9296875
vt 0.4296875 0.8984375
vt 0.6953125 0.8984375
vt 0.4296875 0.90625
vt 0.4296875 0.921875
vt 0.6953125 0.921875
vt 0.6953125 0.90625
vt 0.6953125 0.921875
vt 0.6953125 0.90625
vt 0.4296875 0.90625
vt 0.4296875 0.921875
vn 0.21623423970583713 0.9754532315298872 0.041638283787146485
vn 0.9763248301019334 -0.2157844928885454 -0.015062494988030143
vn -0.9763248301019333 0.21578449288854543 0.015062494988030108
vn 0.005707863459217535 -0.04390951749603116 0.9990192063058633
vn -0.00570786345921749 0.043909517496031364 -0.9990192063058633
usemtl m_c8fa112e-ddd7-16a7-8b2d-e3e73b82b57b
f 41/121/31 42/122/31 43/123/31 44/124/31
f 45/125/32 41/126/32 44/127/32 46/128/32
f 42/129/33 47/130/33 48/131/33 43/132/33
f 48/133/34 46/134/34 44/135/34 43/136/34
f 42/137/35 41/138/35 45/139/35 47/140/35
o cube
v 1.6529540979019532 -0.004521423979473471 1.3153702724157637
v 1.670860995877593 0.07625829675659587 1.3188184427918865
v 1.6710304480740388 0.07495473295593244 1.348476825479092
v 1.6531235500983987 -0.005824987780136903 1.345028655102969
v 1.6041378563968567 0.006267800664953804 1.3161233971651651
v 1.604307308593302 0.004964236864290372 1.3457817798523706
v 1.6220447543724965 0.08704752140102315 1.319571567541288
v 1.622214206568942 0.08574395760035972 1.3492299502284935
vt 0.3984375 0.9173333333333333
vt 0.416 0.9173333333333333
vt 0.416 0.921875
vt 0.3984375 0.921875
vt 0.3984375 0.9173333333333333
vt 0.41093749999999996 0.9173333333333333
vt 0.41093749999999996 0.921875
vt 0.3984375 0.921875
vt 0.4140625 0.9071406249999999
vt 0.4342656250000003 0.9071406249999999
vt 0.4342656250000003 0.9140625
vt 0.4140625 0.9140625
vn 0.9763248301019334 -0.21578449288854445 -0.015062494988035779
vn -0.21623423970583913 -0.9754532315298868 -0.04163828378714644
vn -0.9763248301019336 0.21578449288854515 0.015062494988021142
usemtl m_c8fa112e-ddd7-16a7-8b2d-e3e73b82b57b
f 49/141/36 50/142/36 51/143/36 52/144/36
f 53/145/37 49/146/37 52/147/37 54/148/37
f 55/149/38 53/150/38 54/151/38 56/152/38
o cube
v 1.6557995606285218 0.008452526390140047 1.3139441216879506
v 1.6737865067302833 0.08721920818361567 1.351419560516973
v 1.6711232732583063 0.07299287740937954 1.3825990301272113
v 1.653136327156545 -0.005773804384096137 1.345123591298189
v 1.6249702652251867 0.09800843282804292 1.3521726852663745
v 1.6069833191234253 0.019241751034567267 1.314697246437352
v 1.6043200856514483 0.005015420260331138 1.3458767160475904
v 1.6223070317532098 0.08378210205380679 1.3833521548766128
vt 0.3984375 0.91378125
vt 0.42020312500000023 0.91378125
vt 0.42020312500000023 0.921875
vt 0.3984375 0.921875
vt 0.4140625 0.90596875
vt 0.4363281250000002 0.90596875
vt 0.4363281250000002 0.9140625
vt 0.4140625 0.9140625
vt 0.3984375 0.9079218749999998
vt 0.41093749999999996 0.9079218749999998
vt 0.41093749999999996 0.9296875
vt 0.3984375 0.9296875
vn 0.9763248301019333 -0.21578449288854554 -0.015062494988027876
vn -0.9763248301019333 0.2157844928885455 0.015062494988027801
vn -0.077475882821146 -0.41385689525050523 0.9070391159342008
usemtl m_c8fa112e-ddd7-16a7-8b2d-e3e73b82b57b
f 57/153/39 58/154/39 59/155/39 60/156/39
f 61/157/40 62/158/40 63/159/40 64/160/40
f 63/161/41 60/162/41 59/163/41 64/164/41
o cube
v 1.6529676007882972 -0.004475824242918092 1.315592246742705
v 1.6705654676011132 0.07728397116782615 1.2849690554609043
v 1.6735912458260134 0.08872131350789142 1.3172440069144675
v 1.6559933790131973 0.006961518097147179 1.3478671981962682
v 1.6217492260960165 0.0880731958122534 1.2857221802103058
v 1.6041513592832004 0.006313400401509128 1.3163453714921065
v 1.6071771375081008 0.0177507427415744 1.3486203229456697
v 1.6247750043209168 0.09951053815231867 1.317997131663869
vt 0.4140625 0.91378125
vt 0.43582812500000023 0.91378125
vt 0.43582812500000023 0.921875
vt 0.4140625 0.921875
vt 0.4140625 0.922375
vt 0.43582812500000023 0.922375
vt 0.43582812500000023 0.9296875
vt 0.4140625 0.9296875
vt 0.421875 0.9079218749999998
vt 0.43437499999999996 0.9079218749999998
vt 0.43437499999999996 0.9296875
vt 0.421875 0.9296875
vn 0.9763248301019337 -0.21578449288854443 -0.015062494988026379
vn -0.9763248301019332 0.21578449288854643 0.015062494988032386
vn -0.08802263926982573 -0.33272268625644674 -0.9389076786491142
usemtl m_c8fa112e-ddd7-16a7-8b2d-e3e73b82b57b
f 65/165/42 66/166/42 67/167/42 68/168/42
f 69/169/43 70/170/43 71/171/43 72/172/43
f 69/173/44 66/174/44 65/175/44 70/176/44
o cube
v 1.9306173992747548 1.7752201905762433 1.6710206179856537
v 1.856259034671719 1.7850096549927472 1.6710206180946585
v 1.8562590350875845 1.7850096573512393 1.7428956180946584
v 1.9306173996906204 1.7752201929347355 1.7428956179856536
v 1.7001570911362263 0.02470035721311066 1.671020676760302
v 1.700157091552092 0.02470035957160282 1.7428956767603019
v 1.6257987265331901 0.03448982162961456 1.671020676869307
v 1.6257987269490561 0.03448982398810672 1.7428956768693067
vt 0.08750000000000002 0.9993333333333333
vt 0.0006666666666666666 0.9993333333333333
vt 0.0006666666666666666 0.9124999999999999
vt 0.08750000000000002 0.9124999999999999
vt 0.39895833333333336 0.03645833333333337
vt 0.39895833333333336 0.625
vt 0.375 0.625
vt 0.375 0.03645833333333337
vt 0.09375 0.22083333333333321
vt 0.12291666666666667 0.22083333333333321
vt 0.12291666666666667 0.2493333333333334
vt 0.09375 0.2493333333333334
vt 0.18816666666666668 0.671875
vt 0.18816666666666668 0.08333333333333337
vt 0.21212500000000004 0.08333333333333337
vt 0.21212500000000004 0.671875
vt 0.28125 0.11458333333333337
vt 0.30625 0.11458333333333337
vt 0.30625 0.703125
vt 0.28125 0.703125
vt 0.11875000000000002 0.78125
vt 0.09375 0.78125
vt 0.09375 0.19270833333333337
vt 0.11875000000000002 0.19270833333333337
vn 0.13052619222005254 0.9914448613738097 -3.328829482594228e-8
vn 0.9914448613738105 -0.13052619222005177 -1.453395017094006e-9
vn -0.13052619222005127 -0.99144486137381 3.328829647518654e-8
vn -0.9914448613738105 0.13052619222005185 1.4534015784736404e-9
vn 5.7859579554472196e-9 3.281380394061783e-8 0.9999999999999996
vn -5.785957955447248e-9 -3.2813803940617824e-8 -0.9999999999999996
usemtl m_41468299-2cee-6d62-fdc7-8dbf6de79095
f 73/177/45 74/178/45 75/179/45 76/180/45
f 77/181/46 73/182/46 76/183/46 78/184/46
f 79/185/47 77/186/47 78/187/47 80/188/47
f 74/189/48 79/190/48 80/191/48 75/192/48
f 80/193/49 78/194/49 76/195/49 75/196/49
f 74/197/50 73/198/50 77/199/50 79/200/50
o cube
v 1.9820034279857481 2.0458280550853436 1.6522706088086623
v 1.8797606766565735 2.0592885686580367 1.6522706089585442
v 1.8797606772713318 2.059288572144504 1.7585206089585443
v 1.9820034286005064 2.0458280585718107 1.7585206088086625
v 1.9359113663580425 1.6957240884127172 1.6522706205635922
v 1.9359113669728005 1.6957240918991838 1.7585206205635924
v 1.833668615028868 1.7091846019854102 1.6522706207134739
v 1.8336686156436262 1.709184605471877 1.7585206207134738
vt 0.3166666666666667 0.8118333333333333
vt 0.28125 0.8118333333333333
vt 0.28125 0.7770833333333333
vt 0.3166666666666667 0.7770833333333333
vt 0.22291666666666665 0.834
vt 0.22291666666666665 0.953125
vt 0.18816666666666668 0.953125
vt 0.18816666666666668 0.834
vt 0.18816666666666668 0.7770833333333333
vt 0.22291666666666668 0.7770833333333333
vt 0.22291666666666668 0.8118333333333333
vt 0.18816666666666668 0.8118333333333333
vt 0.37566666666666665 0.953125
vt 0.37566666666666665 0.834
vt 0.41041666666666665 0.834
vt 0.41041666666666665 0.953125
vt 0.28125 0.8166666666666668
vt 0.3166666666666667 0.8166666666666668
vt 0.3166666666666667 0.9368333333333333
vt 0.28125 0.9368333333333333
vt 0.125 0.9368333333333333
vt 0.09375 0.9368333333333333
vt 0.09375 0.8166666666666667
vt 0.125 0.8166666666666667
vn 0.13052619222005332 0.9914448613738097 -3.328830077500976e-8
vn 0.9914448613738105 -0.13052619222005152 -1.4533987987322864e-9
vn -0.13052619222005332 -0.9914448613738097 3.328829636182377e-8
vn -0.9914448613738106 0.13052619222005152 1.453399353554832e-9
vn 5.785956452882527e-9 3.28138048995039e-8 0.9999999999999994
vn -5.785960722360971e-9 -3.2813804337416444e-8 -0.9999999999999994
usemtl m_41468299-2cee-6d62-fdc7-8dbf6de79095
f 81/201/51 82/202/51 83/203/51 84/204/51
f 85/205/52 81/206/52 84/207/52 86/208/52
f 87/209/53 85/210/53 86/211/53 88/212/53
f 82/213/54 87/214/54 88/215/54 83/216/54
f 88/217/55 86/218/55 84/219/55 83/220/55
f 82/221/56 81/222/56 85/223/56 87/224/56
o cube
v 1.9925609641025017 2.0302542839093496 1.639770609258612
v 1.8655320912389817 2.046977952287544 1.6397706094448286
v 1.8655320919803076 2.046977956491813 1.7678956094448284
v 1.9925609648438276 2.0302542881136185 1.7678956092586118
v 1.961153099099552 1.7916878641412781 1.6397706172686082
v 1.961153099840878 1.7916878683455466 1.767895617268608
v 1.8341242262360318 1.8084115325194723 1.639770617454825
v 1.8341242269773579 1.8084115367237408 1.7678956174548246
vt 0.22291666666666668 0.953125
vt 0.171875 0.953125
vt 0.171875 0.9020833333333333
vt 0.22291666666666668 0.9020833333333333
vt 0.359375 0.859375
vt 0.359375 0.9375
vt 0.40625 0.9375
vt 0.40625 0.859375
vt 0.15625 0.9020833333333333
vt 0.20729166666666668 0.9020833333333333
vt 0.20729166666666668 0.953125
vt 0.15625 0.953125
vt 0.171875 0.9375
vt 0.171875 0.859375
vt 0.21875 0.859375
vt 0.21875 0.9375
vt 0.265625 0.859375
vt 0.3125 0.859375
vt 0.3125 0.9375
vt 0.265625 0.9375
vt 0.078125 0.9375
vt 0.125 0.9375
vt 0.125 0.859375
vt 0.078125 0.859375
vn 0.13052619222005304 0.9914448613738097 -3.3288298735255034e-8
vn 0.9914448613738104 -0.13052619222005157 -1.4533973011478654e-9
vn -0.1305261922200511 -0.9914448613738099 3.328829530089465e-8
vn -0.9914448613738105 0.13052619222005238 1.4533994674366954e-9
vn 5.785958336393117e-9 3.281380351487265e-8 0.9999999999999994
vn -5.7859583363931805e-9 -3.28138035148727e-8 -0.9999999999999994
usemtl m_41468299-2cee-6d62-fdc7-8dbf6de79095
f 89/225/57 90/226/57 91/227/57 92/228/57
f 93/229/58 89/230/58 92/231/58 94/232/58
f 95/233/59 93/234/59 94/235/59 96/236/59
f 90/237/60 95/238/60 96/239/60 91/240/60
f 96/241/61 94/242/61 92/243/61 91/244/61
f 90/245/62 89/246/62 93/247/62 95/248/62
o cube
v 1.9766617439103755 2.0291954911375267 1.6600831093853472
v 1.879066390368891 2.042044163184188 1.660083109528416
v 1.8790663909203653 2.0420441663117535 1.755395609528416
v 1.97666174446185 2.0291954942650925 1.755395609385347
v 1.9452538789074256 1.7906290713694537 1.6600831173953434
v 1.9452538794588998 1.7906290744970195 1.7553956173953433
v 1.847658525365941 1.803477743416115 1.6600831175384125
v 1.8476585259174152 1.8034777465436806 1.7553956175384122
vt 0.5484375 0.4993333333333333
vt 0.515625 0.4993333333333333
vt 0.515625 0.4682291666666667
vt 0.5484375 0.4682291666666667
vt 0.6243333333333333 0.4510416666666667
vt 0.6243333333333333 0.53125
vt 0.59375 0.53125
vt 0.59375 0.4510416666666667
vt 0.515625 0.5006666666666666
vt 0.5484375 0.5006666666666666
vt 0.5484375 0.53125
vt 0.515625 0.53125
vt 0.5631666666666667 0.53125
vt 0.5631666666666667 0.4510416666666667
vt 0.5942708333333333 0.4510416666666667
vt 0.5942708333333333 0.53125
vt 0.53125 0.4510416666666667
vt 0.5618333333333333 0.4510416666666667
vt 0.5618333333333333 0.53125
vt 0.53125 0.53125
vt 0.5328125 0.53125
vt 0.5006666666666667 0.53125
vt 0.5006666666666667 0.4510416666666667
vt 0.5328125 0.4510416666666667
vn 0.130526192220052 0.9914448613738098 -3.328829291898485e-8
vn 0.9914448613738104 -0.1305261922200516 -1.4534004544194584e-9
vn -0.130526192220052 -0.9914448613738098 3.3288297240852256e-8
vn -0.9914448613738105 0.13052619222005163 1.4533984500142568e-9
vn 5.785958745489416e-9 3.281380346101394e-8 0.9999999999999994
vn -5.78595874548949e-9 -3.281380346101393e-8 -0.9999999999999994
usemtl m_41468299-2cee-6d62-fdc7-8dbf6de79095
f 97/249/63 98/250/63 99/251/63 100/252/63
f 101/253/64 97/254/64 100/255/64 102/256/64
f 103/257/65 101/258/65 102/259/65 104/260/65
f 98/261/66 103/262/66 104/263/66 99/264/66
f 104/265/67 102/266/67 100/267/67 99/268/67
f 98/269/68 97/270/68 101/271/68 103/272/68
o gandalf_staff_20
v 1.9210632291557992 2.2316165512859314 1.723352553776217
v 1.9449109131940479 2.2275338578131305 1.7431308772647993
v 1.916215962234255 2.200749276561708 1.7228254347283507
v 1.9400636462725036 2.196666583088907 1.742603758216933
v 1.9645158735205357 2.2248682499825465 1.7189419838322677
v 1.9406681894822868 2.2289509434553474 1.6991636603436855
v 1.9596686065989914 2.1940009752583234 1.7184148647844013
v 1.9358209225607426 2.198083668731124 1.698636541295819
vt 0.578125 0.953125
vt 0.5625 0.953125
vt 0.5625 0.9375
vt 0.578125 0.9375
vt 0.5625 0.953125
vt 0.578125 0.953125
vt 0.578125 0.9375
vt 0.5625 0.9375
vt 0.5625 0.953125
vt 0.578125 0.953125
vt 0.578125 0.9375
vt 0.5625 0.9375
vt 0.5625 0.953125
vt 0.578125 0.953125
vt 0.578125 0.9375
vt 0.5625 0.9375
vt 0.5625 0.953125
vt 0.578125 0.953125
vt 0.578125 0.9375
vt 0.5625 0.9375
vt 0.5625 0.953125
vt 0.578125 0.953125
vt 0.578125 0.9375
vt 0.5625 0.9375
vn 0.7631258892239613 -0.1306461911296253 0.6329063516346316
vn -0.6273587304476069 0.08529945057868309 0.7740445898410128
vn -0.7631258892239613 0.1306461911296253 -0.6329063516346316
vn 0.6273587304476069 -0.08529945057868309 -0.7740445898410128
vn 0.1551125414894143 0.9877527911751484 0.016867809531724228
vn -0.1551125414894143 -0.9877527911751484 -0.016867809531724228
usemtl m_41468299-2cee-6d62-fdc7-8dbf6de79095
f 108/276/69 111/275/69 109/274/69 106/273/69
f 107/280/70 108/279/70 106/278/70 105/277/70
f 112/284/71 107/283/71 105/282/71 110/281/71
f 111/288/72 112/287/72 110/286/72 109/285/72
f 110/292/73 105/291/73 106/290/73 109/289/73
f 111/296/74 108/295/74 107/294/74 112/293/74
o gandalf_staff_29
v 1.928442075858272 2.1992251100085274 1.710994547536019
v 1.952289759896521 2.195142416535727 1.7307728710246013
v 1.921171175475956 2.1529241979221925 1.7102038689642194
v 1.9450188595142046 2.1488415044493916 1.7299821924528016
v 1.9718947202230086 2.192476808705143 1.7065839775920697
v 1.94804703618476 2.196559502177944 1.6868056541034875
v 1.9646238198406925 2.146175896618808 1.70579329902027
v 1.9407761358024436 2.1502585900916085 1.6860149755316878
vt 0.5625 0.9375
vt 0.546875 0.9375
vt 0.546875 0.90625
vt 0.5625 0.90625
vt 0.546875 0.9375
vt 0.5625 0.9375
vt 0.5625 0.90625
vt 0.546875 0.90625
vt 0.546875 0.9375
vt 0.5625 0.9375
vt 0.5625 0.90625
vt 0.546875 0.90625
vt 0.546875 0.9375
vt 0.5625 0.9375
vt 0.5625 0.90625
vt 0.546875 0.90625
vt 0.546875 0.9375
vt 0.5625 0.9375
vt 0.5625 0.921875
vt 0.546875 0.921875
vt 0.546875 0.921875
vt 0.5625 0.921875
vt 0.5625 0.90625
vt 0.546875 0.90625
vn 0.7631258892239613 -0.1306461911296253 0.6329063516346316
vn -0.6273587304476069 0.08529945057868309 0.7740445898410128
vn -0.7631258892239613 0.1306461911296253 -0.6329063516346316
vn 0.6273587304476069 -0.08529945057868309 -0.7740445898410128
vn 0.1551125414894143 0.9877527911751484 0.016867809531724228
vn -0.1551125414894143 -0.9877527911751484 -0.016867809531724228
usemtl m_41468299-2cee-6d62-fdc7-8dbf6de79095
f 116/300/75 119/299/75 117/298/75 114/297/75
f 115/304/76 116/303/76 114/302/76 113/301/76
f 120/308/77 115/307/77 113/306/77 118/305/77
f 119/312/78 120/311/78 118/310/78 117/309/78
f 118/316/79 113/315/79 114/314/79 117/313/79
f 119/320/80 116/319/80 115/318/80 120/317/80
o gandalf_staff_34
v 1.935820922560744 2.1512086687311247 1.69863654129582
v 1.9596686065989928 2.1471259752583243 1.7184148647844022
v 1.9188554883353393 2.043173207196343 1.6967916246282877
v 1.9427031723735881 2.039090513723542 1.71656994811687
v 1.9792735669254804 2.1444603674277403 1.6942259713518706
v 1.9554258828872317 2.148543060900541 1.6744476478632884
v 1.9623081327000758 2.036424905892958 1.6923810546843383
v 1.9384604486618269 2.040507599365759 1.672602731195756
vt 0.546875 0.921875
vt 0.53125 0.921875
vt 0.53125 0.828125
vt 0.546875 0.828125
vt 0.53125 0.921875
vt 0.546875 0.921875
vt 0.546875 0.828125
vt 0.53125 0.828125
vt 0.53125 0.921875
vt 0.546875 0.921875
vt 0.546875 0.828125
vt 0.53125 0.828125
vt 0.53125 0.921875
vt 0.546875 0.921875
vt 0.546875 0.828125
vt 0.53125 0.828125
vt 0.53125 0.921875
vt 0.546875 0.921875
vt 0.546875 0.90625
vt 0.53125 0.90625
vt 0.53125 0.84375
vt 0.546875 0.84375
vt 0.546875 0.828125
vt 0.53125 0.828125
vn 0.7631258892239613 -0.1306461911296253 0.6329063516346316
vn -0.6273587304476069 0.08529945057868309 0.7740445898410128
vn -0.7631258892239613 0.1306461911296253 -0.6329063516346316
vn 0.6273587304476069 -0.08529945057868309 -0.7740445898410128
vn 0.1551125414894143 0.9877527911751484 0.016867809531724228
vn -0.1551125414894143 -0.9877527911751484 -0.016867809531724228
usemtl m_41468299-2cee-6d62-fdc7-8dbf6de79095
f 124/324/81 127/323/81 125/322/81 122/321/81
f 123/328/82 124/327/82 122/326/82 121/325/82
f 128/332/83 123/331/83 121/330/83 126/329/83
f 127/336/84 128/335/84 126/334/84 125/333/84
f 126/340/85 121/339/85 122/338/85 125/337/85
f 127/344/86 124/343/86 123/342/86 128/341/86
o gandalf_staff_39
v 1.8852398486102386 2.1678984431148884 1.759656321920685
v 1.9090875326484875 2.1638157496420876 1.7794346454092673
v 1.8803925816886944 2.137031168390665 1.7591292028728187
v 1.9042402657269433 2.132948474917864 1.778907526361401
v 1.9286924929749751 2.1611501418115036 1.7552457519767357
v 1.9048448089367265 2.1652328352843044 1.7354674284881535
v 1.923845226053431 2.13028286708728 1.7547186329288693
v 1.8999975420151822 2.134365560560081 1.734940309440287
vt 0.59375 0.90625
vt 0.578125 0.90625
vt 0.578125 0.890625
vt 0.59375 0.890625
vt 0.578125 0.90625
vt 0.59375 0.90625
vt 0.59375 0.890625
vt 0.578125 0.890625
vt 0.578125 0.90625
vt 0.59375 0.90625
vt 0.59375 0.890625
vt 0.578125 0.890625
vt 0.578125 0.90625
vt 0.59375 0.90625
vt 0.59375 0.890625
vt 0.578125 0.890625
vt 0.578125 0.90625
vt 0.59375 0.90625
vt 0.59375 0.890625
vt 0.578125 0.890625
vt 0.578125 0.90625
vt 0.59375 0.90625
vt 0.59375 0.890625
vt 0.578125 0.890625
vn 0.7631258892239613 -0.1306461911296253 0.6329063516346316
vn -0.6273587304476069 0.08529945057868309 0.7740445898410128
vn -0.7631258892239613 0.1306461911296253 -0.6329063516346316
vn 0.6273587304476069 -0.08529945057868309 -0.7740445898410128
vn 0.1551125414894143 0.9877527911751484 0.016867809531724228
vn -0.1551125414894143 -0.9877527911751484 -0.016867809531724228
usemtl m_41468299-2cee-6d62-fdc7-8dbf6de79095
f 132/348/87 135/347/87 133/346/87 130/345/87
f 131/352/88 132/351/88 130/350/88 129/349/88
f 136/356/89 131/355/89 129/354/89 134/353/89
f 135/360/90 136/359/90 134/358/90 133/357/90
f 134/364/91 129/363/91 130/362/91 133/361/91
f 135/368/92 132/367/92 131/366/92 136/365/92
o gandalf_staff_48
v 1.950151135802444 2.1315085900916086 1.6750774755316875
v 1.9739988198406928 2.127425896618808 1.6948557990202697
v 1.9380329684985835 2.05434040328105 1.6737596779120216
v 1.9618806525368322 2.0502577098082497 1.6935380014006038
v 1.9936037801671804 2.124760288788224 1.6706669055877381
v 1.9697560961289318 2.128842982261025 1.650888582099156
v 1.98148561286332 2.0475921019776657 1.6693491079680722
v 1.9576379288250711 2.0516747954504666 1.64957078447949
vt 0.53125 0.890625
vt 0.515625 0.890625
vt 0.515625 0.828125
vt 0.53125 0.828125
vt 0.515625 0.890625
vt 0.53125 0.890625
vt 0.53125 0.828125
vt 0.515625 0.828125
vt 0.515625 0.890625
vt 0.53125 0.890625
vt 0.53125 0.828125
vt 0.515625 0.828125
vt 0.515625 0.890625
vt 0.53125 0.890625
vt 0.53125 0.828125
vt 0.515625 0.828125
vt 0.515625 0.890625
vt 0.53125 0.890625
vt 0.53125 0.875
vt 0.515625 0.875
vt 0.515625 0.84375
vt 0.53125 0.84375
vt 0.53125 0.828125
vt 0.515625 0.828125
vn 0.7631258892239613 -0.1306461911296253 0.6329063516346316
vn -0.6273587304476069 0.08529945057868309 0.7740445898410128
vn -0.7631258892239613 0.1306461911296253 -0.6329063516346316
vn 0.6273587304476069 -0.08529945057868309 -0.7740445898410128
vn 0.1551125414894143 0.9877527911751484 0.016867809531724228
vn -0.1551125414894143 -0.9877527911751484 -0.016867809531724228
usemtl m_41468299-2cee-6d62-fdc7-8dbf6de79095
f 140/372/93 143/371/93 141/370/93 138/369/93
f 139/376/94 140/375/94 138/374/94 137/373/94
f 144/380/95 139/379/95 137/378/95 142/377/95
f 143/384/96 144/383/96 142/382/96 141/381/96
f 142/388/97 137/387/97 138/386/97 141/385/97
f 143/392/98 140/391/98 139/390/98 144/389/98
o gandalf_staff_49
v 1.8926186953127122 2.1355070018374844 1.7472983156804829
v 1.916466379350961 2.131424308364684 1.767076639169065
v 1.882924161469624 2.0737724523890377 1.74624407758475
v 1.9067718455078726 2.069689758916237 1.7660224010733325
v 1.9360713396774487 2.1287587005341 1.7428877457365335
v 1.9122236556391998 2.132841394006901 1.7231094222479513
v 1.9263768058343602 2.0670241510856533 1.7418335076408007
v 1.9025291217961116 2.071106844558454 1.7220551841522185
vt 0.578125 0.890625
vt 0.5625 0.890625
vt 0.5625 0.84375
vt 0.578125 0.84375
vt 0.5625 0.890625
vt 0.578125 0.890625
vt 0.578125 0.84375
vt 0.5625 0.84375
vt 0.5625 0.890625
vt 0.578125 0.890625
vt 0.578125 0.84375
vt 0.5625 0.84375
vt 0.5625 0.890625
vt 0.578125 0.890625
vt 0.578125 0.84375
vt 0.5625 0.84375
vt 0.5625 0.890625
vt 0.578125 0.890625
vt 0.578125 0.875
vt 0.5625 0.875
vt 0.5625 0.859375
vt 0.578125 0.859375
vt 0.578125 0.84375
vt 0.5625 0.84375
vn 0.7631258892239613 -0.1306461911296253 0.6329063516346316
vn -0.6273587304476069 0.08529945057868309 0.7740445898410128
vn -0.7631258892239613 0.1306461911296253 -0.6329063516346316
vn 0.6273587304476069 -0.08529945057868309 -0.7740445898410128
vn 0.1551125414894143 0.9877527911751484 0.016867809531724228
vn -0.1551125414894143 -0.9877527911751484 -0.016867809531724228
usemtl m_41468299-2cee-6d62-fdc7-8dbf6de79095
f 148/396/99 151/395/99 149/394/99 146/393/99
f 147/400/100 148/399/100 146/398/100 145/397/100
f 152/404/101 147/403/101 145/402/101 150/401/101
f 151/408/102 152/407/102 150/406/102 149/405/102
f 150/412/103 145/411/103 146/410/103 149/409/103
f 151/416/104 148/415/104 147/414/104 152/413/104
o gandalf_staff_54
v 1.909372542015182 2.118740560560081 1.7224403094402851
v 1.9332202260534306 2.11465786708728 1.7422186329288674
v 1.8996780081720934 2.057006011111634 1.7213860713445523
v 1.9235256922103423 2.0529233176388333 1.7411643948331346
v 1.9528251863799184 2.1119922592566964 1.7180297394963358
v 1.9289775023416695 2.1160749527294973 1.6982514160077535
v 1.94313065253683 2.0502577098082497 1.716975501400603
v 1.9192829684985813 2.05434040328105 1.6971971779120207
vt 0.5625 0.875
vt 0.546875 0.875
vt 0.546875 0.828125
vt 0.5625 0.828125
vt 0.546875 0.875
vt 0.5625 0.875
vt 0.5625 0.828125
vt 0.546875 0.828125
vt 0.546875 0.875
vt 0.5625 0.875
vt 0.5625 0.828125
vt 0.546875 0.828125
vt 0.546875 0.875
vt 0.5625 0.875
vt 0.5625 0.828125
vt 0.546875 0.828125
vt 0.546875 0.875
vt 0.5625 0.875
vt 0.5625 0.859375
vt 0.546875 0.859375
vt 0.546875 0.84375
vt 0.5625 0.84375
vt 0.5625 0.828125
vt 0.546875 0.828125
vn 0.7631258892239613 -0.1306461911296253 0.6329063516346316
vn -0.6273587304476069 0.08529945057868309 0.7740445898410128
vn -0.7631258892239613 0.1306461911296253 -0.6329063516346316
vn 0.6273587304476069 -0.08529945057868309 -0.7740445898410128
vn 0.1551125414894143 0.9877527911751484 0.016867809531724228
vn -0.1551125414894143 -0.9877527911751484 -0.016867809531724228
usemtl m_41468299-2cee-6d62-fdc7-8dbf6de79095
f 156/420/105 159/419/105 157/418/105 154/417/105
f 155/424/106 156/423/106 154/422/106 153/421/106
f 160/428/107 155/427/107 153/426/107 158/425/107
f 159/432/108 160/431/108 158/430/108 157/429/108
f 158/436/109 153/435/109 154/434/109 157/433/109
f 159/440/110 156/439/110 155/438/110 160/437/110